# generated by describe_cert_main from packings_out/reproductions/cs82cor8/P48p-cor8-D5-dim43.cert.txtpb
canonical basename: P48p-4662b01b (this file: packings_out/reproductions/cs82cor8/P48p-cor8-D5-dim43.cert.txtpb)
ambient P48p: n = 48, minimal norm mu = 6 (from the published construction/catalogue; the dim-48 empty-ball check is not re-run)
dim l = 43, k = 5, s = 1, beta = 0, packing minimal squared distance mu - beta = 6 (sphere radius sqrt(mu - beta)/2)
ambient Gram hash 2230501889437819671 matches the freshly rebuilt P48p
section Gram K (actual units), det K = 972:
[[6 -3 0 0 0]
 [-3 6 -3 0 0]
 [0 -3 6 -3 -3]
 [0 0 -3 6 0]
 [0 0 -3 0 6]]
det L = 972 (L = Lambda intersect V, from an independently computed L basis) = det K, as Lambda is unimodular
section basis rows B (scaled integer ambient coordinates, <x,y> = x.y/12, so B B^T/12 = K):
[[0 0 0 0 0 0 0 0 0 0 0 0 0 0 0 0 0 0 0 0 0 0 0 0 6 0 0 0 0 0 -6 0 0 0 0 0 0 0 0 0 0 0 0 0 0 0 0 0]
 [0 0 0 0 0 0 0 0 0 0 0 0 0 0 0 0 0 0 0 0 0 0 0 0 0 0 0 0 0 0 6 0 -6 0 0 0 0 0 0 0 0 0 0 0 0 0 0 0]
 [0 0 0 0 0 0 0 0 0 0 0 0 0 0 0 0 0 0 0 0 0 0 0 0 0 0 0 0 0 0 0 0 6 0 0 -6 0 0 0 0 0 0 0 0 0 0 0 0]
 [0 0 0 0 0 0 0 0 0 0 0 0 0 0 0 0 0 0 0 0 0 0 0 0 0 0 0 0 0 0 0 0 0 0 0 6 -6 0 0 0 0 0 0 0 0 0 0 0]
 [0 0 0 0 0 0 0 0 0 0 0 0 0 0 0 0 0 0 0 0 0 0 0 0 0 0 0 0 0 0 0 0 0 0 0 6 6 0 0 0 0 0 0 0 0 0 0 0]]
K minimal norm = 6, minimal vectors = 40
discriminant group of K: Z/3 Z/3 Z/3 Z/3 Z/12
cluster (integer dual coordinates, row 0 = origin):
[[0 0 0 0 0]]
pairwise squared distances (max = beta = 0):
[[0]]
delta^2 = s^2 * ((mu - beta)/4)^l / det L = 1^2 * ((6 - 0)/4)^43 / 972
delta^2 = 3^38 / (2^45) = 1350851717672992089/35184372088832
delta   = 3^19 / (2^22.5) = 195.943
published delta^2 record delta (published_records table) = 3^19 / (2^22.5) = 195.943, ratio = 1
kissing = 2545056 (equals the certificate's kissing record baseline 2545056)
published kissing record (published_records table) = 2545056
ambient Gram G (actual units), det Lambda = 1, even, minimal norm mu = 6:
[[6 3 3 -3 3 -3 2 -3 -2 -3 3 3 -1 1 -1 -3 -2 -1 -2 -2 0 1 2 -1 0 0 2 2 -1 0 -2 -1 -1 0 -2 1 -2 1 -1 -2 0 3 -3 -3 -1 0 2 -2]
 [3 6 3 0 3 -3 0 -1 1 -3 3 3 1 0 0 0 -3 -2 -2 -2 -2 0 3 1 2 -2 -1 2 0 0 -1 0 1 0 -1 0 0 -1 -2 1 2 2 -1 -2 -2 -2 0 -1]
 [3 3 6 -3 3 -3 -1 -3 0 -3 3 3 2 -1 -2 0 -3 -2 -3 -2 0 2 3 2 0 1 0 0 1 2 -1 1 1 -2 1 -1 0 0 -1 -1 1 3 -3 -3 1 0 1 0]
 [-3 0 -3 6 0 0 1 2 0 2 0 0 1 -1 3 1 1 0 1 0 0 -3 -1 -1 0 -2 -2 1 -1 -2 1 -1 1 0 1 -1 1 -2 1 1 1 -2 2 2 -2 -1 -2 2]
 [3 3 3 0 6 -3 2 -3 -2 -3 3 3 1 -2 1 0 -1 -3 -2 -3 1 0 1 1 -1 0 -1 2 0 -1 0 0 0 0 1 -1 0 -2 -2 -2 1 3 -1 -2 0 -2 1 0]
 [-3 -3 -3 0 -3 6 0 1 2 1 -3 -3 0 -1 0 1 2 0 2 3 0 1 -2 -1 -1 0 1 -1 2 0 0 -1 1 2 1 2 1 -1 0 1 -2 -2 2 2 2 2 1 -1]
 [2 0 -1 1 2 0 6 0 -1 0 2 1 0 -1 0 -1 1 -2 1 -2 0 -2 -2 -2 -2 0 2 1 -2 -1 -1 -3 1 2 -1 1 -2 -1 1 -1 -2 1 0 0 0 0 0 -2]
 [-3 -1 -3 2 -3 1 0 6 1 3 -2 -3 -1 2 1 1 0 2 1 0 -1 -1 -1 0 2 0 0 0 -1 1 0 1 0 0 -1 -1 -1 1 1 2 -1 -1 3 1 0 0 -3 0]
 [-2 1 0 0 -2 2 -1 1 6 -1 0 -1 2 0 -1 1 1 -1 2 0 -2 1 1 1 1 0 -1 -2 1 1 0 0 3 1 0 0 0 -1 0 2 1 -1 0 2 1 -1 0 0]
 [-3 -3 -3 2 -3 1 0 3 -1 6 -3 -3 -2 0 1 2 1 3 2 2 -1 -2 -3 -1 -1 0 1 0 -2 1 2 0 0 -1 0 -1 1 0 2 2 -2 -3 2 1 -1 2 -2 0]
 [3 3 3 0 3 -3 2 -2 0 -3 6 3 1 -1 0 -1 -1 -2 -2 -3 1 -1 2 1 0 -1 0 1 -1 0 -2 -2 1 -1 0 0 -2 0 0 -1 2 3 -2 -1 0 -1 1 -1]
 [3 3 3 0 3 -3 1 -3 -1 -3 3 6 1 0 0 -2 -1 -2 -2 -1 1 0 2 -1 -1 -1 0 0 1 -1 -1 -1 0 -1 0 0 -1 0 -1 -2 2 1 -2 -2 -1 -1 1 1]
 [-1 1 2 1 1 0 0 -1 2 -2 1 1 6 -1 -2 1 -1 -3 0 -1 0 0 1 1 0 0 -1 -1 1 -1 -1 1 2 0 1 -1 1 -2 1 0 1 0 -1 1 0 0 0 1]
 [1 0 -1 -1 -2 -1 -1 2 0 0 -1 0 -1 6 -1 -2 -1 3 1 1 0 1 1 -2 1 1 1 -1 0 -1 -2 2 -2 -1 -2 -1 -3 2 1 -1 0 0 -1 -1 -2 0 -1 0]
 [-1 0 -2 3 1 0 0 1 -1 1 0 0 -2 -1 6 -1 2 1 0 0 2 0 0 -1 0 -1 -1 3 -1 0 1 -1 -1 0 1 0 0 -1 -2 0 2 -1 2 0 0 -1 0 1]
 [-3 0 0 1 0 1 -1 1 1 2 -1 -2 1 -2 -1 6 -1 -1 1 1 -2 -2 -1 3 0 -1 -1 -1 1 0 1 1 1 0 2 -1 3 -2 1 3 -1 0 2 1 0 0 -1 0]
 [-2 -3 -3 1 -1 2 1 0 1 1 -1 -1 -1 -1 2 -1 6 0 3 1 1 0 -3 -1 -2 1 -1 -1 0 0 2 -1 0 1 0 1 -1 0 0 -1 0 -2 1 3 1 -1 1 0]
 [-1 -2 -2 0 -3 0 -2 2 -1 3 -2 -2 -3 3 1 -1 0 6 0 2 0 0 -1 -1 1 1 0 0 -1 1 1 1 -2 -2 0 -1 -1 1 1 0 0 -2 1 -1 -1 1 -2 0]
 [-2 -2 -3 1 -2 2 1 1 2 2 -2 -2 0 1 0 1 3 0 6 1 -1 -1 -2 -2 -1 0 0 -1 0 -1 0 -1 0 2 -1 0 0 0 2 1 -1 -2 0 2 -1 0 0 -1]
 [-2 -2 -2 0 -3 3 -2 0 0 2 -3 -1 -1 1 0 1 1 2 1 6 -1 1 -2 -1 -1 0 1 -1 1 -1 0 1 0 0 1 2 1 0 0 1 -1 -2 1 1 -1 1 0 0]
 [0 -2 0 0 1 0 0 -1 -2 -1 1 1 0 0 2 -2 1 0 -1 -1 6 1 1 -1 -2 1 1 0 0 -1 0 0 -2 -1 1 -1 -1 0 -1 -3 1 0 0 0 2 1 1 1]
 [1 0 2 -3 0 1 -2 -1 1 -2 -1 0 0 1 0 -2 0 0 -1 1 1 6 1 0 -1 2 1 0 1 2 -1 2 0 -1 1 0 -1 0 -2 -1 0 1 -1 -1 2 0 1 0]
 [2 3 3 -1 1 -2 -2 -1 1 -3 2 2 1 1 0 -1 -3 -1 -2 -2 1 1 6 1 2 -1 0 0 1 0 -1 1 0 -1 0 -1 0 1 -1 0 2 2 -2 -2 0 0 1 1]
 [-1 1 2 -1 1 -1 -2 0 1 -1 1 -1 1 -2 -1 3 -1 -1 -2 -1 -1 0 1 6 2 0 -2 -1 0 1 1 2 1 -1 1 -1 2 0 0 2 1 2 1 0 2 -2 0 0]
 [0 2 0 0 -1 -1 -2 2 1 -1 0 -1 0 1 0 0 -2 1 -1 -1 -2 -1 2 2 6 -1 -2 1 0 0 -1 1 -1 1 -2 0 1 2 0 2 2 1 1 -1 -1 -1 -1 0]
 [0 -2 1 -2 0 0 0 0 0 0 -1 -1 0 1 -1 -1 1 1 0 0 1 2 -1 0 -1 6 0 -2 0 1 1 2 0 0 0 0 -1 0 0 -2 -2 1 -1 -1 2 0 -1 0]
 [2 -1 0 -2 -1 1 2 0 -1 1 0 0 -1 1 -1 -1 -1 0 0 1 1 1 0 -2 -2 0 6 0 -1 0 -2 -1 0 0 -1 1 -1 1 1 0 -2 0 0 -1 0 3 1 -2]
 [2 2 0 1 2 -1 1 0 -2 0 1 0 -1 -1 3 -1 -1 0 -1 -1 0 0 0 -1 1 -2 0 6 -2 0 -1 -1 -1 0 -1 0 0 -1 -2 0 1 1 0 -1 -1 0 1 -1]
 [-1 0 1 -1 0 2 -2 -1 1 -2 -1 1 1 0 -1 1 0 -1 0 1 0 1 1 0 0 0 -1 -2 6 0 0 0 0 0 2 0 1 0 0 -1 0 0 0 -1 1 1 1 1]
 [0 0 2 -2 -1 0 -1 1 1 1 0 -1 -1 -1 0 0 0 1 -1 -1 -1 2 0 1 0 1 0 0 0 6 1 0 1 -2 1 0 -1 1 0 1 -1 0 0 -1 2 1 0 -1]
 [-2 -1 -1 1 0 0 -1 0 0 2 -2 -1 -1 -2 1 1 2 1 0 0 0 -1 -1 1 -1 1 -2 -1 0 1 6 1 1 0 1 -1 2 -1 -1 0 -1 -2 1 1 1 -1 -1 1]
 [-1 0 1 -1 0 -1 -3 1 0 0 -2 -1 1 2 -1 1 -1 1 -1 1 0 2 1 2 1 2 -1 -1 0 0 1 6 -1 -2 0 -2 0 0 -1 0 0 1 0 0 0 -1 -1 1]
 [-1 1 1 1 0 1 1 0 3 0 1 0 2 -2 -1 1 0 -2 0 0 -2 0 0 1 -1 0 0 -1 0 1 1 -1 6 0 1 0 1 -1 0 1 -1 0 -1 1 1 -1 0 0]
 [0 0 -2 0 0 2 2 0 1 -1 -1 -1 0 -1 0 0 1 -2 2 0 -1 -1 -1 -1 1 0 0 0 0 -2 0 -2 0 6 -1 3 1 0 -1 1 -1 0 1 1 0 -1 0 -1]
 [-2 -1 1 1 1 1 -1 -1 0 0 0 0 1 -2 1 2 0 0 -1 1 1 1 0 1 -2 0 -1 -1 2 1 1 0 1 -1 6 -1 1 -2 0 0 0 0 1 0 1 0 -1 2]
 [1 0 -1 -1 -1 2 1 -1 0 -1 0 0 -1 -1 0 -1 1 -1 0 2 -1 0 -1 -1 0 0 1 0 0 0 -1 -2 0 3 -1 6 0 1 -1 1 -1 0 0 1 0 0 1 -2]
 [-2 0 0 1 0 1 -2 -1 0 1 -2 -1 1 -3 0 3 -1 -1 0 1 -1 -1 0 2 1 -1 -1 0 1 -1 2 0 1 1 1 0 6 -1 0 2 0 -1 1 0 0 0 0 1]
 [1 -1 0 -2 -2 -1 -1 1 -1 0 0 0 -2 2 -1 -2 0 1 0 0 0 0 1 0 2 0 1 -1 0 1 -1 0 -1 0 -2 1 -1 6 1 0 0 1 -1 -1 0 0 1 0]
 [-1 -2 -1 1 -2 0 1 1 0 2 0 -1 1 1 -2 1 0 1 2 0 -1 -2 -1 0 0 0 1 -2 0 0 -1 -1 0 -1 0 -1 0 1 6 1 -1 -1 0 0 -1 2 -1 0]
 [-2 1 -1 1 -2 1 -1 2 2 2 -1 -2 0 -1 0 3 -1 0 1 1 -3 -1 0 2 2 -2 0 0 -1 1 0 0 1 1 0 1 2 0 1 6 0 -1 2 1 -1 0 -1 -1]
 [0 2 1 1 1 -2 -2 -1 1 -2 2 2 1 0 2 -1 0 0 -1 -1 1 0 2 1 2 -2 -2 1 0 -1 -1 0 -1 -1 0 -1 0 0 -1 0 6 -1 0 0 -1 -2 0 2]
 [3 2 3 -2 3 -2 1 -1 -1 -3 3 1 0 0 -1 0 -2 -2 -2 -2 0 1 2 2 1 1 0 1 0 0 -2 1 0 0 0 0 -1 1 -1 -1 -1 6 -2 -2 1 -1 1 -1]
 [-3 -1 -3 2 -1 2 0 3 0 2 -2 -2 -1 -1 2 2 1 1 0 1 0 -1 -2 1 1 -1 0 0 0 0 1 0 -1 1 1 0 1 -1 0 2 0 -2 6 1 0 0 -2 0]
 [-3 -2 -3 2 -2 2 0 1 2 1 -1 -2 1 -1 0 1 3 -1 2 1 0 -1 -2 0 -1 -1 -1 -1 -1 -1 1 0 1 1 0 1 0 -1 0 1 0 -2 1 6 0 -1 0 1]
 [-1 -2 1 -2 0 2 0 0 1 -1 0 -1 0 -2 0 0 1 -1 -1 -1 2 2 0 2 -1 2 0 -1 1 2 1 0 1 0 1 0 0 0 -1 -1 -1 1 0 0 6 0 1 0]
 [0 -2 0 -1 -2 2 0 0 -1 2 -1 -1 0 0 -1 0 -1 1 0 1 1 0 0 -2 -1 0 3 0 1 1 -1 -1 -1 -1 0 0 0 0 2 0 -2 -1 0 -1 0 6 1 -1]
 [2 0 1 -2 1 1 0 -3 0 -2 1 1 0 -1 0 -1 1 -2 0 0 1 1 1 0 -1 -1 1 1 1 0 -1 -1 0 0 -1 1 0 1 -1 -1 0 1 -2 0 1 1 6 -1]
 [-2 -1 0 2 0 -1 -2 0 0 0 -1 1 1 0 1 0 0 0 -1 0 1 0 1 0 0 0 -2 -1 1 -1 1 1 0 -1 2 -2 1 0 0 -1 2 -1 0 1 0 -1 -1 6]]
coefficient rows w.r.t. the P48p basis (rows of T, section row i = sum_j T[i][j] * b_j):
[[7 1 -13 -4 0 2 -5 4 -4 4 6 6 4 -6 -1 4 -1 3 3 -3 -2 4 2 -1 0 3 -1 -1 0 0 -1 2 2 1 1 0 0 0 0 -1 1 -1 0 0 1 0 1 1]
 [-9 -2 21 5 -3 0 7 -6 5 -6 -8 -8 -6 10 4 -5 0 -6 -4 2 2 -6 -4 1 0 -4 1 1 -1 -1 3 -2 -3 -2 -1 0 0 0 1 1 -1 1 1 0 -2 -1 -1 -2]
 [-3 -2 2 0 2 -3 3 0 2 -2 0 -3 -1 0 0 -2 -1 0 -1 4 1 0 1 0 -1 -1 -1 0 1 1 0 -1 -1 0 -2 -1 1 0 0 1 -1 0 0 0 -1 0 0 0]
 [1 2 -9 -2 -1 -1 -1 -1 -2 4 2 3 2 -2 -2 2 1 1 0 -2 -1 2 2 0 0 2 0 1 1 1 -2 1 1 1 1 0 0 0 -1 -1 1 0 0 0 1 0 0 0]
 [9 3 -8 -1 0 5 -8 4 -4 2 2 6 4 -5 0 5 1 3 3 -5 -2 2 -1 -1 1 2 1 -2 -2 -2 0 1 2 0 2 1 -2 1 0 -1 1 0 -1 0 2 1 0 1]]
verified: T * G * T^T = K
content of T (gcd of its 5 x 5 minors) = 1, so the rows of T are saturated in Z^48: K = Lambda intersect U
L basis rows B_L (scaled integer ambient coordinates, LLL reduced, so B_L B_L^T/12 = G_L):
[[2 0 0 0 0 2 -2 0 -2 2 2 0 0 -2 2 0 2 0 0 2 0 -2 0 2 0 0 0 -2 2 0 0 2 0 0 2 0 0 0 -2 2 0 0 0 0 0 0 0 0]
 [-2 2 -2 2 0 2 2 0 0 -2 0 0 0 0 0 0 2 0 0 0 0 0 0 0 0 0 2 2 -2 0 0 0 0 -2 -2 0 0 0 2 -2 -2 2 0 0 -2 0 0 0]
 [0 2 0 2 0 0 0 0 0 -2 -2 0 0 -2 0 -2 2 -2 0 -2 0 0 0 0 0 -2 2 0 -2 0 0 2 0 0 -2 0 0 0 2 0 0 0 0 0 -2 -2 0 -2]
 [0 -2 0 -2 0 0 -2 0 0 2 0 -2 -2 2 0 0 -2 2 0 0 0 0 0 0 0 0 0 -2 2 -2 0 0 0 2 0 0 0 0 0 2 0 2 -2 0 2 2 0 0]
 [0 2 0 -2 0 -2 2 -2 2 0 0 2 2 0 -2 0 -2 0 0 0 0 2 0 -2 0 -2 0 2 0 2 0 -2 0 0 0 0 0 0 0 0 0 0 2 0 0 -2 0 0]
 [0 0 0 0 0 2 0 -2 0 0 4 -2 0 -2 2 0 2 2 0 2 0 -2 0 0 0 -2 0 0 0 0 0 0 0 0 0 0 0 -2 0 2 -2 0 0 0 -2 0 0 0]
 [2 0 0 2 -2 0 0 0 -2 0 2 2 2 0 2 -2 2 -2 0 0 0 2 0 0 0 0 0 0 -2 0 0 0 0 0 0 0 0 0 0 0 -2 -2 0 0 -2 -2 2 0]
 [0 0 0 0 2 2 0 0 0 0 -2 -2 -2 -2 0 0 0 2 0 -2 0 -2 0 0 0 0 0 -2 -2 0 0 2 0 0 -2 0 0 0 2 0 0 -2 0 -2 -2 0 0 2]
 [0 0 2 0 0 2 2 2 -2 0 0 0 0 2 2 0 0 0 0 0 0 2 0 0 0 2 -2 -2 0 0 0 0 0 0 0 0 0 2 0 -2 0 -2 2 0 -2 0 2 2]
 [0 0 2 0 0 0 0 0 0 2 2 0 0 -2 2 -2 0 0 0 2 0 0 0 0 0 -2 0 -2 0 -2 0 2 0 2 0 0 0 0 -4 0 0 0 0 2 0 0 0 -2]
 [4 0 0 -2 2 0 -2 -2 -2 2 0 0 0 0 2 -2 0 0 0 -2 0 0 0 0 0 -2 2 0 0 0 0 0 0 0 0 0 0 0 2 4 0 0 -2 -2 2 -2 0 0]
 [0 0 0 0 2 0 0 -2 2 0 0 0 0 0 -4 2 -2 2 0 0 0 0 2 -2 0 2 -2 0 0 4 0 -2 0 -2 0 0 0 -2 0 0 0 0 2 0 -2 0 0 2]
 [-2 2 0 0 2 2 0 0 -2 2 2 2 0 2 0 -2 -2 0 0 2 0 2 0 0 0 0 0 2 -2 0 0 0 0 -2 0 0 0 2 -2 0 -2 4 0 0 0 0 2 0]
 [-2 0 2 2 0 2 0 0 -2 0 0 -2 0 -2 2 -2 2 -2 0 0 0 0 0 0 0 0 0 0 0 0 0 2 0 -2 0 0 0 0 0 2 0 -2 2 0 -2 0 0 2]
 [-2 -2 0 0 0 0 -2 2 -2 0 0 -2 0 2 0 0 0 -2 0 0 0 2 -2 0 0 0 -2 -2 2 0 0 2 0 0 0 0 0 0 0 2 2 0 0 0 0 0 2 2]
 [-2 2 2 0 2 0 2 0 0 0 -2 0 -2 0 -2 -2 -4 0 0 0 0 0 0 -2 0 0 2 2 0 0 0 0 0 0 0 0 0 2 2 0 0 0 0 0 0 0 0 0]
 [-2 0 -2 0 0 2 0 0 -2 0 2 -2 0 0 0 2 2 2 2 2 0 -2 -2 2 0 -2 -2 0 0 0 0 0 0 -2 0 0 0 -2 2 2 -2 2 0 -2 0 2 0 0]
 [2 2 2 2 0 0 0 2 0 -2 0 0 0 0 0 2 2 -2 -2 0 0 0 0 0 0 2 2 0 0 0 0 0 0 0 0 0 0 2 0 -2 0 2 0 2 -2 0 0 -2]
 [0 2 0 2 0 -2 -2 0 0 0 0 2 4 0 0 0 2 -4 -2 0 2 2 0 0 0 0 0 2 0 2 0 0 0 -2 0 0 0 0 0 2 0 2 0 0 0 -2 2 0]
 [0 0 0 2 -2 0 0 0 0 0 -2 0 0 0 0 0 2 0 0 0 2 2 2 0 0 2 0 0 0 -2 0 -2 0 0 -2 0 0 -2 0 0 -2 2 0 2 -2 2 0 -2]
 [0 2 0 -2 0 0 0 0 0 0 -2 0 0 -2 -2 2 -2 2 -2 -2 0 -2 -2 0 0 -2 0 2 0 0 0 0 0 0 0 0 0 0 2 2 0 0 0 -2 0 -2 0 0]
 [0 2 0 0 2 0 0 0 2 0 -2 2 0 2 0 -4 0 0 0 0 0 0 2 0 0 0 0 0 -2 0 0 0 0 -2 -2 0 0 2 0 -2 0 2 0 0 0 0 0 -2]
 [-2 -2 0 0 -2 -2 -2 0 2 0 2 0 2 0 0 0 2 -2 -2 0 -2 0 0 0 0 0 -2 0 2 0 0 0 0 0 0 0 0 -2 -2 2 0 -2 0 0 0 0 0 0]
 [-2 2 0 0 0 2 0 2 -2 0 0 2 0 0 2 0 2 0 0 0 0 0 0 2 0 0 0 2 0 0 0 2 0 2 0 0 0 2 0 -2 0 0 0 0 -2 -2 2 -2]
 [2 0 0 0 2 0 2 -2 0 2 0 4 2 0 0 0 0 0 0 0 0 0 2 0 0 0 0 -2 0 2 0 0 0 0 0 0 0 -2 -2 0 -2 0 2 0 2 0 0 0]
 [0 0 2 0 0 0 0 2 0 0 2 0 0 0 2 -2 0 0 0 2 2 0 0 2 0 2 -2 -2 0 0 0 0 0 -2 2 0 0 2 -2 -2 0 0 0 0 0 2 2 0]
 [2 -2 0 0 0 -2 -2 0 0 0 2 0 0 -2 2 0 2 0 0 0 0 -2 -2 0 0 0 2 0 0 -2 0 0 0 0 0 0 0 2 -2 -2 0 -2 -2 0 0 0 -2 0]
 [0 0 -2 0 -2 2 0 0 0 -2 0 2 0 0 0 2 0 2 0 0 0 -2 0 0 0 2 0 0 0 2 0 0 0 -2 2 0 0 0 0 -4 -2 0 2 0 0 0 0 0]
 [-2 2 -2 2 -2 0 0 0 0 2 0 2 0 -2 0 -2 2 0 0 2 0 0 0 2 0 0 2 2 2 0 0 0 0 0 2 0 0 0 0 2 0 0 0 0 0 0 0 -2]
 [-2 0 0 2 2 2 -2 0 0 -2 0 -2 0 2 0 2 0 0 -2 -2 0 0 0 0 0 0 2 2 -2 0 0 0 0 0 -2 0 0 0 2 0 0 2 0 0 0 0 0 -2]
 [4 0 2 0 0 0 0 -2 0 2 2 0 0 2 2 -2 -2 2 0 0 0 -2 2 0 0 0 -2 -2 0 0 0 -2 0 0 2 0 0 -2 0 2 0 0 -2 -2 0 -2 0 0]
 [-2 0 0 -2 0 2 0 0 -2 0 0 0 0 4 0 0 -2 0 0 0 0 0 0 0 0 0 0 2 2 -2 0 -2 0 0 2 0 0 2 2 0 0 0 -2 -2 0 0 0 0]
 [2 0 -2 0 -2 0 -2 -2 0 -2 2 0 2 0 0 0 2 -2 0 0 0 0 0 0 0 -2 2 0 0 -2 0 0 0 2 0 0 0 0 2 2 0 2 0 0 -2 0 0 0]
 [0 2 0 0 0 0 2 0 0 0 0 2 0 2 -2 0 0 0 0 0 -2 0 2 0 0 2 0 2 2 2 0 -2 0 0 2 0 0 0 -2 -2 0 0 0 2 2 0 -2 0]
 [0 0 2 0 0 -2 2 0 0 0 -2 0 0 0 -2 0 -2 2 0 0 0 -2 0 -2 0 2 0 -2 2 0 0 -2 0 0 0 0 0 0 0 2 0 -2 2 0 0 2 0 2]
 [0 0 0 2 0 -2 2 0 0 0 0 0 0 -2 -2 0 -2 0 0 -2 0 2 0 -2 0 0 0 -2 -2 0 0 2 0 0 -2 0 0 -2 0 0 0 -2 0 2 0 0 2 -2]
 [0 0 2 0 0 2 2 0 0 0 -2 -2 -2 0 0 0 0 2 2 2 0 -2 2 0 0 0 0 0 2 0 0 0 0 0 0 0 0 -2 0 2 0 0 2 0 -2 2 0 2]
 [-2 0 2 0 2 -2 0 0 -2 0 0 0 0 2 -2 0 -2 -2 -2 -2 0 2 0 0 0 0 0 0 0 0 0 0 0 0 0 0 0 0 0 0 2 2 0 2 2 0 2 -2]
 [0 0 -2 -2 0 0 0 0 2 0 0 0 0 0 0 2 0 -2 0 0 0 0 2 0 0 0 2 2 4 0 0 -2 0 0 0 0 0 0 0 2 2 2 -2 -2 4 0 -2 2]
 [-2 2 0 2 0 0 4 -2 2 -2 0 0 2 -2 0 0 0 0 0 0 0 2 0 -2 0 -2 2 2 0 -2 0 0 0 0 -2 0 0 -2 2 0 0 -2 0 2 0 -2 0 0]
 [0 2 0 2 -2 2 2 0 -2 0 0 0 2 -2 2 0 2 0 2 2 0 0 0 0 0 -2 0 0 0 0 0 0 0 0 0 0 0 2 -2 0 -2 2 2 0 0 0 0 0]
 [2 -2 0 0 4 0 -2 0 -2 0 0 0 -2 0 2 0 2 2 0 -2 0 -2 0 2 0 0 0 -2 2 2 0 2 0 0 0 0 0 -2 0 0 2 -2 0 -2 0 0 -2 0]
 [0 0 -2 0 2 0 -2 0 2 2 0 0 -2 0 -2 -2 -2 0 0 0 0 0 0 0 0 0 0 -2 0 0 0 2 0 0 0 0 0 2 -2 2 0 0 2 0 2 0 -2 2]]
L Gram G_L (actual units), det = 972:
[[6 -2 -1 1 -3 3 1 0 0 3 2 -2 0 2 1 -3 2 0 0 -1 -1 -2 1 1 1 2 2 0 2 -2 2 -1 1 -1 -1 -2 1 -2 0 -3 2 3 1]
 [-2 6 3 -3 0 1 1 1 0 -2 -2 0 2 1 -2 1 2 2 1 2 0 2 -2 2 -1 -1 -1 2 1 3 -3 0 1 0 -2 0 0 -1 -1 3 2 -2 -2]
 [-1 3 6 -3 0 0 2 2 -1 0 1 -2 -1 2 -1 1 -1 2 2 1 1 2 -1 2 -1 -2 0 -1 1 2 -2 -2 2 -2 -2 2 -1 0 -2 3 1 0 -1]
 [1 -3 -3 6 -2 0 -3 0 -1 1 2 -1 0 -2 2 0 1 -2 -3 0 0 -1 0 -2 -1 0 0 -2 -1 0 2 2 0 -1 1 -1 1 1 2 -3 -2 1 2]
 [-3 0 0 -2 6 -1 0 -2 -1 -1 0 3 1 -2 -2 2 -2 -1 2 -1 2 1 0 -1 2 -2 -2 0 0 -1 0 0 0 2 1 1 -1 1 1 3 0 -3 0]
 [3 1 0 0 -1 6 1 1 -1 2 1 0 0 2 -1 -2 4 -1 -1 0 0 -2 1 0 0 0 1 0 1 0 2 -1 2 -2 -1 -1 2 -3 -1 1 2 1 -1]
 [1 1 2 -3 0 1 6 -1 2 1 1 -2 1 2 0 -2 -1 1 3 1 -2 0 1 2 1 1 1 0 1 -1 1 -1 2 -1 -2 1 -2 -1 -3 1 2 -1 -2]
 [0 1 2 0 -2 1 -1 6 1 -1 1 1 -2 2 0 1 1 -1 -3 -1 2 0 -2 0 -1 -1 0 0 -2 1 0 -1 -1 -3 1 1 2 -2 -2 0 -1 3 1]
 [0 0 -1 -1 -1 -1 2 1 6 0 -2 0 1 2 2 0 -1 1 -1 0 -2 0 -1 2 0 3 -1 1 -2 -1 0 1 -2 0 1 0 1 0 -3 -1 1 0 -1]
 [3 -2 0 1 -1 2 1 -1 0 6 0 -3 1 1 0 -1 -1 0 -1 0 -2 0 1 1 1 2 2 -2 1 -2 1 -2 0 -1 -1 1 0 0 -2 0 2 0 1]
 [2 -2 1 2 0 1 1 1 -2 0 8 -2 0 0 0 0 0 -2 1 -2 2 0 -1 -1 1 -2 1 -3 0 0 4 1 2 -2 -1 -1 -1 0 2 -1 -1 3 1]
 [-2 0 -2 -1 3 0 -2 1 0 -3 -2 8 0 -1 -1 1 0 -1 0 0 1 0 0 -3 2 -1 -3 2 -2 0 1 -1 -2 2 3 1 2 0 0 0 -2 0 1]
 [0 2 -1 0 1 0 1 -2 1 1 0 0 8 0 0 2 1 0 2 0 -1 3 -2 2 1 2 -2 0 1 1 0 2 -1 1 -2 -1 -1 2 -1 -1 2 -3 1]
 [2 1 2 -2 -2 2 2 2 2 1 0 -1 0 6 2 0 1 0 1 0 -1 -1 1 1 -1 1 0 -1 1 0 -1 -1 0 -2 0 0 2 -1 -2 1 2 1 0]
 [1 -2 -1 2 -2 -1 0 0 2 0 0 -1 0 2 6 -1 1 -1 1 -1 -1 -2 2 0 -2 1 -1 -2 -1 0 -1 1 0 -2 0 0 0 2 0 -2 -1 1 1]
 [-3 1 1 0 2 -2 -2 1 0 -1 0 1 2 0 -1 6 -2 0 -1 -1 2 2 -3 0 -1 -1 -2 -1 0 1 -1 2 -2 1 2 1 1 2 0 2 -1 -2 1]
 [2 2 -1 1 -2 4 -1 1 -1 -1 0 0 1 1 1 -2 8 -2 -1 0 1 -2 0 0 -1 0 -1 1 1 1 0 1 1 -2 -1 -2 2 -2 0 -1 2 1 -1]
 [0 2 2 -2 -1 -1 1 -1 1 0 -2 -1 0 0 -1 0 -2 6 2 2 -1 1 -1 2 -1 1 1 1 0 2 -2 -1 1 1 -1 0 -1 1 -1 0 1 -1 -2]
 [0 1 2 -3 2 -1 3 -3 -1 -1 1 0 2 1 1 -1 -1 2 8 1 0 1 2 1 1 0 -1 -1 2 1 -1 -1 2 0 -2 0 -3 2 1 1 1 -2 -1]
 [-1 2 1 0 -1 0 1 -1 0 0 -2 0 0 0 -1 -1 0 2 1 6 -2 1 0 0 0 0 -1 0 1 1 -1 -1 1 0 0 1 1 0 -1 1 1 -2 -2]
 [-1 0 1 0 2 0 -2 2 -2 -2 2 1 -1 -1 -1 2 1 -1 0 -2 6 -1 -1 0 -1 -3 -1 0 0 1 0 1 0 -1 1 0 0 0 1 1 -1 0 0]
 [-2 2 2 -1 1 -2 0 0 0 0 0 0 3 -1 -2 2 -2 1 1 1 -1 6 -2 1 1 1 -1 0 0 1 0 0 -1 1 -1 0 -1 1 -1 0 0 -1 1]
 [1 -2 -1 0 0 1 1 -2 -1 1 -1 0 -2 1 2 -3 0 -1 2 0 -1 -2 6 -1 0 0 1 -1 1 -1 0 -1 1 0 0 0 -1 0 1 0 -1 0 0]
 [1 2 2 -2 -1 0 2 0 2 1 -1 -3 2 1 0 0 0 2 1 0 0 1 -1 6 -1 1 0 1 2 1 -2 1 0 0 -3 -1 -1 0 -2 0 2 0 -2]
 [1 -1 -1 -1 2 0 1 -1 0 1 1 2 1 -1 -2 -1 -1 -1 1 0 -1 1 0 -1 6 0 -1 1 0 -2 2 -2 -1 2 1 1 0 0 0 0 1 1 1]
 [2 -1 -2 0 -2 0 1 -1 3 2 -2 -1 2 1 1 -1 0 1 0 0 -3 1 0 1 0 6 1 1 0 -2 1 0 -2 0 0 -1 0 0 -2 -3 1 0 0]
 [2 -1 0 0 -2 1 1 0 -1 2 1 -3 -2 0 -1 -2 -1 1 -1 -1 -1 -1 1 0 -1 1 6 0 0 -1 0 -1 1 -1 -1 -1 -2 -2 0 -1 0 2 0]
 [0 2 -1 -2 0 0 0 0 1 -2 -3 2 0 -1 -2 -1 1 1 -1 0 0 0 -1 1 1 1 0 6 0 0 -1 0 -1 2 0 -1 0 -2 -1 -1 1 0 -1]
 [2 1 1 -1 0 1 1 -2 -2 1 0 -2 1 1 -1 0 1 0 2 1 0 0 1 2 0 0 0 0 6 -1 -1 0 1 1 -1 -1 0 -1 1 1 2 -1 0]
 [-2 3 2 0 -1 0 -1 1 -1 -2 0 0 1 0 0 1 1 2 1 1 1 1 -1 1 -2 -2 -1 0 -1 6 -2 1 1 -1 -2 0 -1 2 0 1 -1 0 -1]
 [2 -3 -2 2 0 2 1 0 0 1 4 1 0 -1 -1 -1 0 -2 -1 -1 0 0 0 -2 2 1 0 -1 -1 -2 8 1 0 0 1 -1 1 -1 0 -2 -1 2 0]
 [-1 0 -2 2 0 -1 -1 -1 1 -2 1 -1 2 -1 1 2 1 -1 -1 -1 1 0 -1 1 -2 0 -1 0 0 1 1 6 0 1 0 -3 0 1 2 -1 -1 -1 -1]
 [1 1 2 0 0 2 2 -1 -2 0 2 -2 -1 0 0 -2 1 1 2 1 0 -1 1 0 -1 -2 1 -1 1 1 0 0 6 -2 -2 -1 -1 -1 1 1 1 -1 -1]
 [-1 0 -2 -1 2 -2 -1 -3 0 -1 -2 2 1 -2 -2 1 -2 1 0 0 -1 1 0 0 2 0 -1 2 1 -1 0 1 -2 6 1 -1 0 1 2 0 0 -1 0]
 [-1 -2 -2 1 1 -1 -2 1 1 -1 -1 3 -2 0 0 2 -1 -1 -2 0 1 -1 0 -3 1 0 -1 0 -1 -2 1 0 -2 1 6 1 3 0 0 0 -1 0 1]
 [-2 0 2 -1 1 -1 1 1 0 1 -1 1 -1 0 0 1 -2 0 0 1 0 0 0 -1 1 -1 -1 -1 -1 0 -1 -3 -1 -1 1 6 -1 2 -3 3 -1 -1 0]
 [1 0 -1 1 -1 2 -2 2 1 0 -1 2 -1 2 0 1 2 -1 -3 1 0 -1 -1 -1 0 0 -2 0 0 -1 1 0 -1 0 3 -1 6 -2 0 0 1 1 0]
 [-2 -1 0 1 1 -3 -1 -2 0 0 0 0 2 -1 2 2 -2 1 2 0 0 1 0 0 0 0 -2 -2 -1 2 -1 1 -1 1 0 2 -2 6 0 0 -2 -1 0]
 [0 -1 -2 2 1 -1 -3 -2 -3 -2 2 0 -1 -2 0 0 0 -1 1 -1 1 -1 1 -2 0 -2 0 -1 1 0 0 2 1 2 0 -3 0 0 8 0 -1 0 1]
 [-3 3 3 -3 3 1 1 0 -1 0 -1 0 -1 1 -2 2 -1 0 1 1 1 0 0 0 0 -3 -1 -1 1 1 -2 -1 1 0 0 3 0 0 0 8 1 -3 -2]
 [2 2 1 -2 0 2 2 -1 1 2 -1 -2 2 2 -1 -1 2 1 1 1 -1 0 -1 2 1 1 0 1 2 -1 -1 -1 1 0 -1 -1 1 -2 -1 1 6 -2 -1]
 [3 -2 0 1 -3 1 -1 3 0 0 3 0 -3 1 1 -2 1 -1 -2 -2 0 -1 0 0 1 0 2 0 -1 0 2 -1 -1 -1 0 -1 1 -1 0 -3 -2 8 1]
 [1 -2 -1 2 0 -1 -2 1 -1 1 1 1 1 0 1 1 -1 -2 -1 -2 0 1 0 -2 1 0 0 -1 0 -1 0 -1 -1 0 1 0 0 0 1 -2 -1 1 6]]
translates t_i (scaled ambient coordinates, t_0 = 0, reduced into the fundamental cell of B_L; A(S) = union_i (t_i + L)):
[[0 0 0 0 0 0 0 0 0 0 0 0 0 0 0 0 0 0 0 0 0 0 0 0 0 0 0 0 0 0 0 0 0 0 0 0 0 0 0 0 0 0 0 0 0 0 0 0]]
translate coordinates c_i in the basis B_L (t_i = c_i B_L), so intrinsically A(S) = union_i (Z^43 + c_i) under the form G_L:
[[0 0 0 0 0 0 0 0 0 0 0 0 0 0 0 0 0 0 0 0 0 0 0 0 0 0 0 0 0 0 0 0 0 0 0 0 0 0 0 0 0 0 0]]
the 1 cosets are pairwise distinct (no c_i - c_j is integral); every pair of centers is at squared distance >= mu - beta = 6 by Theorem 1 (Conway-Sloane, Invent. Math. 123 (1996) 309-313)
lattice points w_i = t_i + u_i as coefficient rows W w.r.t. the P48p basis (w_i in Lambda, pi_U(w_i) = u_i):
[[0 0 0 0 0 0 0 0 0 0 0 0 0 0 0 0 0 0 0 0 0 0 0 0 0 0 0 0 0 0 0 0 0 0 0 0 0 0 0 0 0 0 0 0 0 0 0 0]]
verified: W * G * T^T = the cluster matrix above, i.e. every u_i is the U-projection of a lattice point

