# generated by describe_cert_main from packings_out/records/dim40-delta41/P48n-3c9dd366.cert.txtpb
canonical basename: P48n-3c9dd366 (this file: packings_out/records/dim40-delta41/P48n-3c9dd366.cert.txtpb)
ambient P48n: n = 48, minimal norm mu = 6 (from the published construction/catalogue; the dim-48 empty-ball check is not re-run)
dim l = 40, k = 8, s = 1, beta = 0, packing minimal squared distance mu - beta = 6 (sphere radius sqrt(mu - beta)/2)
ambient Gram hash 4179073908888086978 matches the freshly rebuilt P48n
section Gram K (actual units), det K = 6561:
[[6 0 -3 0 0 0 0 0]
 [0 6 0 -3 0 0 0 0]
 [-3 0 6 -3 0 0 0 0]
 [0 -3 -3 6 -3 0 0 0]
 [0 0 0 -3 6 -3 0 0]
 [0 0 0 0 -3 6 -3 0]
 [0 0 0 0 0 -3 6 -3]
 [0 0 0 0 0 0 -3 6]]
det L = 6561 (L = Lambda intersect V, from an independently computed L basis) = det K, as Lambda is unimodular
section basis rows B (scaled integer ambient coordinates, <x,y> = x.y/96, so B B^T/96 = K):
[[4 0 4 0 4 0 0 4 0 4 -4 0 4 -4 0 -4 -4 4 0 -2 -6 -2 4 4 -4 0 8 4 -4 2 -2 0 2 0 4 4 -6 4 -1 -1 -2 0 -1 4 4 5 -6 4]
 [4 4 4 -4 -4 0 0 -4 0 -4 -4 4 4 4 0 0 -4 4 4 -4 8 2 6 4 4 2 0 -4 2 0 2 2 -2 -2 0 -2 0 4 -8 -2 -5 5 2 3 1 -2 2 0]
 [0 0 -8 -4 0 0 4 0 -4 -4 -4 0 -4 4 8 0 8 0 0 -2 -2 4 -6 -2 6 0 -6 -2 0 0 2 0 0 -4 0 -4 8 -2 1 1 -2 2 2 -2 2 -2 1 1]
 [-4 -4 0 4 0 0 0 0 4 4 8 4 0 0 -8 0 0 0 0 2 -2 -4 2 -4 -4 2 2 0 0 0 -4 -2 2 8 -2 0 -2 -4 7 -5 6 -6 -4 2 -2 0 -1 -1]
 [4 0 0 4 0 0 -4 0 -4 4 -4 -8 0 -4 0 4 -4 -4 0 4 0 0 -2 4 0 -8 -4 2 2 0 6 2 -6 -6 0 2 1 5 -2 4 0 4 4 -3 -3 0 0 4]
 [-4 0 0 -8 4 0 4 0 4 -8 0 0 0 4 4 -4 0 0 -4 0 4 0 -2 -6 -2 4 6 -2 0 -2 0 0 6 2 2 6 -7 -1 -1 5 0 -2 -1 0 2 -1 3 -5]
 [0 4 4 4 -8 0 -4 0 -4 8 4 0 -4 -4 0 0 0 4 0 -4 -4 2 0 4 4 6 -2 6 -4 0 -2 -2 0 0 0 -6 5 -1 -1 -1 -5 -1 1 -2 -4 3 0 -4]
 [0 0 -4 4 4 0 0 4 4 -8 0 0 4 -4 0 0 4 -4 4 0 4 2 0 0 -4 -8 0 -4 2 0 -4 4 0 -2 -4 -2 -3 -5 -5 -3 4 4 -4 1 5 0 -5 3]]
K minimal norm = 6, minimal vectors = 240
discriminant group of K: Z/3 Z/3 Z/3 Z/3 Z/3 Z/3 Z/3 Z/3
cluster (integer dual coordinates, row 0 = origin):
[[0 0 0 0 0 0 0 0]]
pairwise squared distances (max = beta = 0):
[[0]]
delta^2 = s^2 * ((mu - beta)/4)^l / det L = 1^2 * ((6 - 0)/4)^40 / 6561
delta^2 = 3^32 / (2^40) = 1853020188851841/1099511627776
delta   = 3^16 / (2^20) = 41.0526
certificate delta^2 record baseline delta = 3^17 / (2^22.5) = 21.7714, ratio = 1.88562
published delta^2 record delta (published_records table) = 3^17 / (2^22.5) = 21.7714, ratio = 1.88562
kissing = 1092000 (beats the certificate's kissing record baseline 1064368)
published kissing record (published_records table) = 1064368
ambient Gram G (actual units), det Lambda = 1, even, minimal norm mu = 6:
[[6 3 3 -2 1 -1 -1 0 -2 1 -2 1 2 -1 0 -2 -2 1 0 1 3 0 -1 1 -3 -2 0 1 -2 -3 -1 2 -3 0 -1 -2 -3 -3 2 1 0 -2 -2 -3 1 2 -3 -1]
 [3 6 1 1 2 1 -1 1 0 2 0 -1 0 -1 2 -2 -3 2 -2 -1 3 1 1 2 0 1 0 -1 0 -3 -2 1 -3 0 1 -2 0 0 -1 -1 -2 -1 -3 -1 -1 -1 -1 -1]
 [3 1 6 -3 2 0 1 1 -2 2 -2 0 2 1 -1 -1 0 0 1 1 1 2 1 -1 -2 -2 -2 1 1 -1 1 0 0 -1 1 -3 -3 -3 -1 0 0 -1 -3 -1 0 1 -1 -2]
 [-2 1 -3 6 -2 -1 -2 -1 3 0 3 0 -2 -2 3 -1 0 -1 0 -3 0 -2 -1 0 3 1 -1 0 2 -1 -2 -2 -2 2 -1 2 1 3 0 1 -1 1 0 2 1 -2 1 1]
 [1 2 2 -2 6 3 -1 3 0 3 0 1 2 1 -1 -2 -1 3 1 -1 2 0 3 1 1 1 -1 1 0 -1 1 2 -1 -1 3 -1 2 -2 -3 -2 1 -1 0 1 -3 1 0 -2]
 [-1 1 0 -1 3 6 1 0 0 0 -1 1 -1 2 -1 -1 0 1 -1 1 1 -1 3 2 2 1 1 -1 2 1 2 2 1 1 2 -2 1 1 -3 -2 0 -1 2 0 -4 -1 2 -2]
 [-1 -1 1 -2 -1 1 6 1 -3 -1 0 0 -1 3 -2 2 -1 -2 0 3 0 0 0 -2 -2 0 2 -3 1 1 2 -1 2 1 -1 -2 -2 0 1 -1 1 2 -1 1 -2 -2 2 1]
 [0 1 1 -1 3 0 1 6 0 3 2 -1 0 2 0 1 -2 2 1 -1 0 0 0 -2 -1 1 -1 -1 1 -1 1 -1 -1 -2 1 0 2 -2 -1 0 2 2 -1 2 -3 1 -1 -1]
 [-2 0 -2 3 0 0 -3 0 6 2 2 -1 -2 0 3 0 2 0 -1 -3 -1 -1 1 1 4 0 -2 1 2 0 -1 -1 1 0 0 1 3 1 -3 0 -2 -1 2 0 -1 1 0 0]
 [1 2 2 0 3 0 -1 3 2 6 0 -1 1 1 1 -1 0 2 0 -2 0 1 1 -1 0 -1 -1 1 2 -1 -1 0 -1 -1 2 -1 0 -2 -3 0 -1 0 -1 0 -1 1 -1 0]
 [-2 0 -2 3 0 -1 0 2 2 0 6 1 -2 0 2 1 -1 0 1 -3 1 -3 0 0 1 1 -1 -1 0 -1 0 -1 0 1 0 2 3 1 1 -1 0 1 -1 4 -1 -1 1 1]
 [1 -1 0 0 1 1 0 -1 -1 -1 1 6 2 1 -2 -1 0 0 3 -1 2 -4 1 1 1 -2 1 1 -2 0 2 1 0 1 -1 0 -1 -1 1 -1 1 -2 0 2 0 0 1 0]
 [2 0 2 -2 2 -1 -1 0 -2 1 -2 2 6 -1 -3 -2 -1 1 3 0 1 0 1 -1 -1 -1 0 2 -3 -1 1 1 0 -1 0 0 -1 -2 0 -1 0 -1 -1 0 1 1 0 -1]
 [-1 -1 1 -2 1 2 3 2 0 1 0 1 -1 6 -2 1 0 -1 1 1 -1 -1 1 -1 1 0 0 -2 2 1 3 -1 2 0 0 -2 -1 -2 -2 -1 1 1 0 1 -3 1 0 0]
 [0 2 -1 3 -1 -1 -2 0 3 1 2 -2 -3 -2 6 1 0 1 -2 -2 0 1 -1 1 1 0 -1 1 1 0 -3 0 -1 0 0 1 1 1 0 0 -2 -1 0 0 1 -1 0 1]
 [-2 -2 -1 -1 -2 -1 2 1 0 -1 1 -1 -2 1 1 6 0 1 -1 0 -2 2 0 -1 -1 -1 2 -2 -1 3 0 -1 2 -2 0 0 1 0 1 0 0 0 1 0 0 0 1 2]
 [-2 -3 0 0 -1 0 -1 -2 2 0 -1 0 -1 0 0 0 6 -2 -1 -1 -2 1 1 0 2 -2 -1 2 2 3 1 -1 3 0 1 0 0 1 -2 0 -1 -1 1 0 1 1 0 0]
 [1 2 0 -1 3 1 -2 2 0 2 0 0 1 -1 1 1 -2 6 -1 -1 0 1 1 2 -1 0 1 0 -2 0 -2 2 -2 -2 2 0 2 -1 -1 0 0 -1 1 -1 -1 0 0 0]
 [0 -2 1 0 1 -1 0 1 -1 0 1 3 3 1 -2 -1 -1 -1 6 0 1 -2 0 -2 1 0 -1 2 -1 -1 2 -1 0 0 -1 2 -1 -2 1 0 2 0 0 3 0 1 0 0]
 [1 -1 1 -3 -1 1 3 -1 -3 -2 -3 -1 0 1 -2 0 -1 -1 0 6 0 1 -1 0 -2 1 1 -1 0 0 1 1 1 1 -2 -1 -3 -1 2 1 1 1 1 -2 -1 0 0 0]
 [3 3 1 0 2 1 0 0 -1 0 1 2 1 -1 0 -2 -2 0 1 0 6 -2 2 2 0 0 0 0 -2 -3 0 1 -2 2 0 -1 -1 -1 1 -1 -1 -2 -2 0 -1 0 0 -1]
 [0 1 2 -2 0 -1 0 0 -1 1 -3 -4 0 -1 1 2 1 1 -2 1 -2 8 1 -1 -1 0 0 0 0 2 -1 0 1 -3 2 -1 0 0 -1 0 -1 0 -1 -2 1 0 -1 1]
 [-1 1 1 -1 3 3 0 0 1 1 0 1 1 1 -1 0 1 1 0 -1 2 1 6 2 3 0 0 0 0 1 2 0 2 0 2 -2 2 0 -3 -3 -2 -2 0 0 -3 0 2 -1]
 [1 2 -1 0 1 2 -2 -2 1 -1 0 1 -1 -1 1 -1 0 2 -2 0 2 -1 2 6 1 1 1 0 -1 -1 -1 2 0 0 1 0 1 1 0 -1 -2 -3 0 -1 0 0 0 -1]
 [-3 0 -2 3 1 2 -2 -1 4 0 1 1 -1 1 1 -1 2 -1 1 -2 0 -1 3 1 8 2 -2 1 2 1 1 -2 1 1 0 0 2 1 -4 -2 -1 -1 2 2 -2 0 1 0]
 [-2 1 -2 1 1 1 0 1 0 -1 1 -2 -1 0 0 -1 -2 0 0 1 0 0 0 1 2 6 -1 -1 1 -1 0 0 -1 0 1 2 2 1 0 -1 1 2 0 2 -1 -1 0 0]
 [0 0 -2 -1 -1 1 2 -1 -2 -1 -1 1 0 0 -1 2 -1 1 -1 1 0 0 0 1 -2 -1 6 -1 -2 1 -1 1 1 0 0 0 0 1 2 -1 0 -1 1 -1 0 -1 1 2]
 [1 -1 1 0 1 -1 -3 -1 1 1 -1 1 2 -2 1 -2 2 0 2 -1 0 0 0 0 1 -1 -1 6 -1 0 -1 1 0 -1 0 2 0 -1 0 0 0 -2 1 0 2 1 -1 0]
 [-2 0 1 2 0 2 1 1 2 2 0 -2 -3 2 1 -1 2 -2 -1 0 -2 0 0 -1 2 1 -2 -1 8 0 1 -2 0 1 1 -1 -1 1 -3 1 0 2 0 1 -2 0 0 -1]
 [-3 -3 -1 -1 -1 1 1 -1 0 -1 -1 0 -1 1 0 3 3 0 -1 0 -3 2 1 -1 1 -1 1 0 0 6 1 0 3 -1 1 0 1 1 -1 -1 0 0 2 0 0 -1 2 1]
 [-1 -2 1 -2 1 2 2 1 -1 -1 0 2 1 3 -3 0 1 -2 2 1 0 -1 2 -1 1 0 -1 -1 1 1 6 0 3 0 0 -1 0 -1 -1 -2 1 0 0 2 -2 1 1 -2]
 [2 1 0 -2 2 2 -1 -1 -1 0 -1 1 1 -1 0 -1 -1 2 -1 1 1 0 0 2 -2 0 1 1 -2 0 0 6 0 0 1 0 0 0 1 -1 0 -2 1 -1 0 0 0 0]
 [-3 -3 0 -2 -1 1 2 -1 1 -1 0 0 0 2 -1 2 3 -2 0 1 -2 1 2 0 1 -1 1 0 0 3 3 0 8 -1 0 0 1 1 -1 -3 -2 -1 0 1 -1 0 2 0]
 [0 0 -1 2 -1 1 1 -2 0 -1 1 1 -1 0 0 -2 0 -2 0 1 2 -3 0 0 1 0 0 -1 1 -1 0 0 -1 6 -2 -1 -2 1 1 0 0 1 1 0 -1 -1 1 1]
 [-1 1 1 -1 3 2 -1 1 0 2 0 -1 0 0 0 0 1 2 -1 -2 0 2 2 1 0 1 0 0 1 1 0 1 0 -2 6 0 2 0 -3 -2 -1 -1 -1 1 0 0 0 -1]
 [-2 -2 -3 2 -1 -2 -2 0 1 -1 2 0 0 -2 1 0 0 0 2 -1 -1 -1 -2 0 0 2 0 2 -1 0 -1 0 0 -1 0 6 2 1 2 1 1 1 1 2 2 0 0 1]
 [-3 0 -3 1 2 1 -2 2 3 0 3 -1 -1 -1 1 1 0 2 -1 -3 -1 0 2 1 2 2 0 0 -1 1 0 0 1 -2 2 2 8 2 -2 -2 0 0 2 1 -2 0 1 -1]
 [-3 0 -3 3 -2 1 0 -2 1 -2 1 -1 -2 -2 1 0 1 -1 -2 -1 -1 0 0 1 1 1 1 -1 1 1 -1 0 1 1 0 1 2 6 0 0 -1 1 1 1 0 -3 2 0]
 [2 -1 -1 0 -3 -3 1 -1 -3 -3 1 1 0 -2 0 1 -2 -1 1 2 1 -1 -3 0 -4 0 2 0 -3 -1 -1 1 -1 1 -3 2 -2 0 8 2 2 1 -1 0 2 0 -1 2]
 [1 -1 0 1 -2 -2 -1 0 0 0 -1 -1 -1 -1 0 0 0 0 0 1 -1 0 -3 -1 -2 -1 -1 0 1 -1 -2 -1 -3 0 -2 1 -2 0 2 6 2 2 1 -2 1 1 -2 0]
 [0 -2 0 -1 1 0 1 2 -2 -1 0 1 0 1 -2 0 -1 0 2 1 -1 -1 -2 -2 -1 1 0 0 0 0 1 0 -2 0 -1 1 0 -1 2 2 6 2 2 1 -1 1 -1 0]
 [-2 -1 -1 1 -1 -1 2 2 -1 0 1 -2 -1 1 -1 0 -1 -1 0 1 -2 0 -2 -3 -1 2 -1 -2 2 0 0 -2 -1 1 -1 1 0 1 1 2 2 6 0 1 -1 -1 0 1]
 [-2 -3 -3 0 0 2 -1 -1 2 -1 -1 0 -1 0 0 1 1 1 0 1 -2 -1 0 0 2 0 1 1 0 2 0 1 0 1 -1 1 2 1 -1 1 2 0 8 -2 -2 1 1 1]
 [-3 -1 -1 2 1 0 1 2 0 0 4 2 0 1 0 0 0 -1 3 -2 0 -2 0 -1 2 2 -1 0 1 0 2 -1 1 0 1 2 1 1 0 -2 1 1 -2 8 0 -2 1 0]
 [1 -1 0 1 -3 -4 -2 -3 -1 -1 -1 0 1 -3 1 0 1 -1 0 -1 -1 1 -3 0 -2 -1 0 2 -2 0 -2 0 -1 -1 0 2 -2 0 2 1 -1 -1 -2 0 8 0 -1 1]
 [2 -1 1 -2 1 -1 -2 1 1 1 -1 0 1 1 -1 0 1 0 1 0 0 0 0 0 0 -1 -1 1 0 -1 1 0 0 -1 0 0 0 -3 0 1 1 -1 1 -2 0 6 -3 -1]
 [-3 -1 -1 1 0 2 2 -1 0 -1 1 1 0 0 0 1 0 0 0 0 0 -1 2 0 1 0 1 -1 0 2 1 0 2 1 0 0 1 2 -1 -2 -1 0 1 1 -1 -3 6 0]
 [-1 -1 -2 1 -2 -2 1 -1 0 0 1 0 -1 0 1 2 0 0 0 0 -1 1 -1 -1 0 0 2 0 -1 1 -2 0 0 1 -1 1 -1 0 2 0 0 1 1 0 1 -1 0 6]]
G is verbatim the Nebe-Sloane catalogue Gram of P48n (entry CQ48a)
coefficient rows w.r.t. the P48n basis (rows of T, section row i = sum_j T[i][j] * b_j):
[[-2 -5 3 -2 -4 1 0 0 3 0 3 0 0 0 0 -5 -1 3 -1 -2 4 3 -2 -1 1 2 4 0 0 1 1 1 -2 -2 -2 -2 -1 0 0 -1 -1 1 0 0 0 1 0 -1]
 [5 2 -5 0 7 -1 -1 -2 -1 0 2 0 0 0 -1 4 0 -2 0 2 -3 -1 1 -1 -1 0 -2 1 1 0 0 -3 2 1 1 0 -1 1 0 1 0 -1 0 -1 1 -2 0 0]
 [2 5 -4 3 5 -1 0 -3 -4 1 -3 -1 0 1 -2 7 1 -2 1 1 -2 -2 -1 2 -2 -2 -5 2 1 -1 0 -2 2 2 1 1 2 0 0 0 1 -1 0 0 -1 -1 0 1]
 [-6 -1 6 0 -4 1 1 3 1 0 -2 1 -1 -2 3 -4 1 0 1 -1 0 -1 1 0 1 1 3 -3 -3 0 0 3 -2 -1 -1 0 0 -1 0 0 -1 1 0 0 0 2 -1 0]
 [4 -3 -1 -1 -2 0 -2 0 0 0 2 -1 1 2 -1 -1 -1 1 -2 1 2 1 1 -1 1 -1 0 0 2 0 -1 0 0 -1 0 1 0 1 0 -1 1 0 0 1 0 -1 1 0]
 [1 0 -3 -4 0 1 2 2 4 -2 3 1 2 -1 -1 -1 -3 0 -1 -1 -1 3 -2 1 1 0 0 3 1 1 1 -2 0 2 2 -1 -2 1 0 2 0 -1 -1 -1 1 0 1 0]
 [-2 0 2 5 1 -3 1 -2 -1 0 -4 0 -4 0 0 -1 1 2 2 -1 1 -1 1 -1 -2 1 1 -1 -1 0 0 2 1 -1 -1 -1 1 -2 0 -1 -1 1 1 1 -1 1 -1 -1]
 [1 -1 0 1 -2 3 -1 0 -3 2 2 -1 4 2 1 2 3 -1 -1 1 1 0 -1 1 1 0 -1 -1 0 -1 -1 0 -1 -1 -1 1 1 0 0 -1 1 0 0 -1 0 -1 0 0]]
verified: T * G * T^T = K
content of T (gcd of its 8 x 8 minors) = 1, so the rows of T are saturated in Z^48: K = Lambda intersect U
L basis rows B_L (scaled integer ambient coordinates, LLL reduced, so B_L B_L^T/96 = G_L):
[[-12 -4 0 0 4 -4 -4 0 4 0 0 4 0 -4 0 0 0 4 4 2 2 0 0 0 4 6 0 6 6 -2 2 2 -2 -4 0 -2 0 4 2 2 2 2 6 -1 5 0 -5 1]
 [8 4 4 -4 0 0 0 0 0 8 4 0 0 4 4 -4 -4 0 -4 0 0 4 -6 0 -8 -2 -6 -8 0 4 0 -2 2 0 -2 0 0 -2 -3 -3 2 -2 -4 -2 2 0 1 1]
 [4 -4 4 4 -4 8 0 0 -4 -4 0 0 0 4 -4 0 4 -4 0 -8 0 2 0 0 0 -8 2 2 -4 6 2 0 6 4 0 6 1 -3 0 0 -3 -1 2 -1 -1 0 5 1]
 [-4 -4 4 0 -4 0 0 -4 0 0 4 4 0 -4 0 -4 -4 0 0 -2 -2 4 -4 0 -4 2 -6 2 2 2 4 2 0 0 8 2 1 -1 -1 -1 7 5 4 -1 11 -2 0 0]
 [-8 0 -4 -4 0 0 0 4 4 4 -4 4 0 -4 4 -4 -4 0 4 8 0 -6 2 0 4 0 0 -2 0 -2 -4 -4 0 -2 -8 -4 0 4 -2 4 -3 -1 0 0 -4 -2 -3 1]
 [-4 0 0 0 -4 -4 0 0 -4 0 -4 4 8 -4 0 4 0 -4 4 6 -2 -2 0 -4 8 2 2 6 -4 -4 -2 4 0 0 2 0 -2 -2 2 2 4 4 4 4 4 -4 0 -4]
 [0 -4 -4 -4 -4 4 4 0 0 4 0 0 0 -8 0 -4 -4 -4 0 -2 2 0 -2 2 2 -4 -2 -2 0 8 -2 4 -2 8 6 0 2 2 -4 0 0 -4 -2 -2 6 -2 4 -4]
 [0 -8 4 0 0 4 0 0 -8 4 -4 0 4 0 0 0 4 -4 4 0 4 0 0 0 4 -2 2 0 0 6 -2 4 2 8 0 -2 -2 -2 2 6 -2 2 2 -1 1 -4 -5 -7]
 [0 0 0 -4 0 0 0 -4 -4 4 4 4 0 -4 4 0 0 4 -4 4 0 0 0 4 -4 2 -6 -10 0 0 -2 -2 0 -2 6 0 -4 -4 0 2 7 7 3 2 -2 3 -4 -2]
 [0 0 4 4 0 0 4 -4 -4 0 0 0 0 4 0 0 4 4 0 0 0 -2 2 0 0 -6 -4 -6 0 2 -2 -6 6 -4 -4 6 -5 -5 0 0 -7 -1 0 -3 -7 6 -1 3]
 [8 4 4 0 0 -4 4 0 -4 4 0 -4 0 8 0 4 0 0 0 2 -2 2 -4 -2 -6 2 -4 -4 4 -6 -6 -4 0 -4 -2 0 -5 -3 -3 -3 -1 -5 1 1 1 1 -3 -1]
 [8 -4 0 0 -4 4 4 0 0 0 0 -8 -4 0 -4 4 0 -4 -4 -4 4 4 -2 4 -4 4 2 -4 -4 -2 0 2 -2 4 6 -2 1 1 2 -2 1 -1 -2 -1 7 -4 -3 -3]
 [8 0 4 -4 -4 4 0 0 -4 8 0 0 0 4 0 0 4 -4 -4 4 4 8 -4 2 -6 0 2 0 0 2 -2 4 2 0 0 2 1 -1 1 -3 3 1 -2 2 4 -6 -3 -5]
 [8 4 -4 4 -4 4 0 0 0 -8 0 -4 -4 4 -4 4 0 -4 -4 -8 -4 2 0 2 -2 -2 2 -2 2 -2 2 -4 -2 4 6 -2 -4 2 3 -1 -2 -2 -4 1 -1 2 0 -2]
 [-8 -4 0 -4 4 4 -4 -4 0 0 0 4 0 -4 0 -4 -4 4 -4 -2 -2 4 -2 4 -4 2 -2 0 12 0 0 2 0 -4 0 -4 2 2 2 2 2 2 0 2 -2 0 -6 -2]
 [4 -8 4 0 0 8 0 0 -4 4 4 4 0 0 4 -4 -4 0 -4 -6 -2 6 0 4 -4 -6 0 -10 -4 4 0 2 2 4 -4 2 4 -4 0 8 2 4 -3 2 -2 -1 5 -1]
 [-8 -4 4 0 8 -4 -8 0 0 4 0 4 -4 4 4 0 4 4 4 -4 0 0 0 6 2 0 4 -2 2 -2 2 2 -2 0 -4 -2 -3 -1 1 5 5 3 4 0 -2 0 -1 1]
 [8 -4 -4 4 0 4 0 4 0 -4 -4 0 -4 0 -4 4 0 -4 -8 -2 2 4 -2 0 4 -2 8 4 2 0 -2 4 -2 0 -4 -2 0 4 0 -4 -8 -10 -5 5 -1 -1 6 -2]
 [-8 4 0 0 0 -8 0 -4 0 0 0 4 8 4 -4 4 4 4 0 2 -6 -2 0 -2 2 2 0 10 4 -6 0 2 0 -12 2 4 0 -2 -5 -1 6 0 1 0 0 -1 -2 0]
 [-8 4 0 4 0 -4 4 -4 0 0 0 0 8 0 0 4 -4 0 0 4 -4 0 0 -6 2 4 -2 6 -2 0 6 -2 0 -6 4 -4 -3 -1 -1 -3 2 4 -3 0 6 -3 -1 -1]
 [0 -8 0 0 4 0 -4 0 4 0 0 0 0 -4 0 -4 4 4 0 -4 4 6 -2 2 -2 4 4 2 16 2 2 2 -6 0 -4 -2 2 4 7 3 -6 -2 0 0 0 4 -3 -3]
 [4 8 0 4 0 4 0 0 0 -4 -4 -4 4 4 0 0 0 0 0 -4 -4 -6 2 -6 2 -2 4 2 2 -2 0 -2 -2 2 -6 2 4 -2 5 3 -3 5 -7 2 -6 1 -1 -3]
 [-8 4 -4 0 0 4 0 4 0 -4 4 0 0 4 4 0 0 4 4 2 -2 -10 6 -2 -2 0 0 2 -2 0 -4 -2 -4 -2 -4 0 1 3 -1 5 -2 4 3 1 -7 1 -2 4]
 [0 4 4 0 4 -8 4 0 -4 4 0 -4 0 0 0 4 -8 0 0 0 -8 6 0 -6 2 4 -2 -2 8 -4 -2 2 -6 0 2 -2 -2 -4 -1 -1 4 2 -1 3 9 -5 -3 -7]
 [4 8 -4 0 0 -4 -4 0 4 -4 4 0 4 0 4 0 -4 -4 0 0 0 -2 0 -2 -2 6 -2 4 -6 -8 2 -2 0 -2 4 -4 0 2 5 -1 3 3 -3 2 -2 -3 1 7]
 [4 0 0 4 4 -4 4 -4 0 0 8 0 -4 4 4 0 0 4 -4 2 -2 -4 4 0 0 0 -4 0 -2 -4 0 -4 -4 -8 2 4 -2 -6 -6 -2 2 2 -2 5 -1 4 3 1]
 [0 4 0 0 -4 4 -4 0 4 -4 -4 0 0 -4 -4 4 4 -4 4 -6 -2 -4 -2 2 2 2 4 0 0 -6 2 0 6 0 2 8 4 -4 2 -2 2 0 7 2 -2 1 3 5]
 [0 4 -4 -4 0 -4 4 -4 0 -4 0 0 0 -8 -4 0 0 0 0 6 2 2 6 0 4 -2 -4 4 -6 -8 -2 0 0 2 8 4 1 -3 4 -2 -2 4 -1 1 -3 1 -1 1]
 [4 4 0 4 0 0 0 4 4 -4 -4 -4 -4 4 0 0 0 0 -4 2 -2 4 2 -2 -2 4 0 2 12 -4 0 0 0 0 -6 0 3 5 1 -3 -3 -5 -2 4 -2 6 -3 -1]
 [0 -8 0 0 4 0 -4 4 0 -4 4 0 0 4 0 4 0 4 4 2 -2 2 6 0 0 2 4 4 4 -2 0 -2 0 0 -4 0 5 -3 -4 8 -3 -3 7 0 -2 -3 -7 1]
 [8 0 4 -4 -4 0 0 4 -4 0 0 0 0 -4 0 4 0 -4 -4 -6 6 4 -4 0 0 0 0 4 0 4 0 2 0 8 2 2 -1 -3 5 -3 5 1 5 0 6 -5 0 0]
 [-4 4 -8 0 0 4 4 -4 8 4 -4 0 0 0 0 4 0 0 -4 0 0 -2 0 2 -2 -2 6 -4 -2 -2 0 -2 -2 -4 -2 -2 1 3 -3 -3 -7 -5 -6 -4 -6 2 -1 1]
 [4 4 0 0 0 -4 0 0 0 4 0 0 0 4 4 4 0 -4 0 0 0 4 -4 0 -4 2 0 -6 -8 -6 -2 2 -6 -4 2 -2 -6 -2 0 -4 2 -6 0 6 -2 4 6 2]
 [0 0 -4 -4 0 0 0 8 -8 4 -4 -4 0 0 0 8 8 -4 0 6 10 -4 4 0 0 4 8 4 -2 4 -4 2 0 4 -4 -2 -1 1 1 -3 -3 1 5 3 -1 -3 -1 -3]
 [0 4 4 -4 4 -4 -4 4 4 4 4 -4 0 0 0 -4 0 0 4 2 6 4 -4 -2 6 4 0 2 2 10 2 4 -2 4 -2 0 2 2 4 0 2 0 1 -2 6 -1 -3 3]
 [-4 0 -4 0 0 4 0 0 0 -8 0 0 -4 -4 -4 -4 -4 0 4 6 -6 -4 2 -2 -6 2 -6 2 -4 -2 2 -4 2 0 2 2 3 1 -5 -5 -5 5 2 3 -1 0 4 0]
 [-4 -4 -4 0 4 0 0 4 8 4 4 0 0 -4 0 -8 0 0 4 -4 4 -4 4 0 4 -2 4 0 0 4 2 0 -2 -2 -2 0 6 4 -1 1 -3 -3 5 -7 3 -1 4 0]
 [8 0 4 4 0 4 -4 4 -4 0 0 4 -4 12 -4 0 4 -4 0 -2 2 0 -2 0 -4 2 4 0 -6 0 2 4 2 0 -4 2 0 -4 0 4 0 2 1 -3 -1 1 0 4]
 [4 0 -4 0 4 -4 0 0 0 0 -4 -4 -4 -4 0 0 0 0 0 0 0 0 2 -2 -6 6 -10 -2 10 2 2 -6 -2 8 6 -8 -8 0 -4 0 -6 -4 -1 0 0 1 -3 -1]
 [4 0 -4 0 -4 4 8 4 0 4 0 0 0 0 0 0 4 4 -4 0 0 -4 2 4 -4 -6 0 -6 -2 4 -4 -2 -4 4 2 2 1 -1 -3 5 1 5 -1 2 -4 1 4 -8]]
L Gram G_L (actual units), det = 6561:
[[6 -3 -3 2 2 2 -1 0 0 -2 -2 -2 -2 -3 3 -3 3 -2 3 2 3 -2 1 1 0 -1 0 0 0 2 -1 -1 -2 0 2 0 2 -2 0 -3]
 [-3 6 0 1 -1 -3 1 -1 2 1 3 1 3 0 0 3 -1 -1 -2 -1 -1 -1 -2 1 0 1 -2 -2 0 -2 1 0 2 -2 1 -1 -1 1 1 1]
 [-3 0 6 0 -3 -1 1 2 -2 2 -1 1 1 2 -2 3 -1 2 -2 -2 -1 1 -1 -3 -2 -1 2 -1 -1 0 2 -1 -1 0 -1 0 0 3 -2 1]
 [2 1 0 6 -2 1 2 0 2 -2 -1 1 1 -1 2 1 0 -3 1 2 0 -3 -2 2 0 0 0 0 -2 -1 2 -3 -1 -3 1 1 0 -1 0 -1]
 [2 -1 -3 -2 6 1 0 0 0 0 -1 -3 -2 -3 1 -1 1 -1 0 0 0 0 3 -1 0 -1 -1 0 0 1 -3 2 -1 1 0 1 2 -2 0 0]
 [2 -3 -1 1 1 6 0 2 0 -2 -1 -1 0 -2 -1 -2 0 -1 3 3 -2 0 0 2 1 -1 1 2 -2 0 1 -2 0 2 0 0 -1 -1 -2 -1]
 [-1 1 1 2 0 0 6 2 0 -2 -2 2 1 0 0 2 -2 1 -3 -1 0 -2 -2 0 -2 -2 -1 0 -2 -2 2 0 -1 0 1 0 2 -2 1 2]
 [0 -1 2 0 0 2 2 6 0 0 -1 1 2 -1 0 2 1 0 -2 -1 1 0 -1 0 -3 -3 -1 -1 -2 1 2 -2 -2 3 1 -2 0 1 0 1]
 [0 2 -2 2 0 0 0 0 6 1 1 0 1 -1 2 2 1 -4 0 0 -1 -2 0 1 0 2 -1 1 -2 -1 0 -1 1 -1 -1 0 -2 -1 1 2]
 [-2 1 2 -2 0 -2 -2 0 1 6 2 -2 -1 0 -1 1 0 -1 0 -1 -1 1 1 -2 -2 2 0 0 0 0 -2 1 0 -1 -2 0 -1 1 0 1]
 [-2 3 -1 -1 -1 -1 -2 -1 1 2 6 1 2 1 -1 -1 -1 0 1 0 -1 0 -1 3 0 2 -1 -1 2 0 0 0 3 0 -1 -1 -3 1 2 0]
 [-2 1 1 1 -3 -1 2 1 0 -2 1 6 3 3 -1 1 -2 2 -3 -1 0 -1 -3 1 0 -1 0 0 0 -1 3 0 1 1 0 -1 -1 1 1 1]
 [-2 3 1 1 -2 0 1 2 1 -1 2 3 6 0 0 2 -1 1 -1 -1 0 -1 -3 1 -1 -1 -1 -1 0 -1 3 -1 1 2 1 -2 -2 2 -1 1]
 [-3 0 2 -1 -3 -2 0 -1 -1 0 1 3 0 6 -1 0 -2 3 -2 -1 0 2 -1 0 1 0 1 0 2 -1 1 1 1 -1 -2 0 -2 1 2 1]
 [3 0 -2 2 1 -1 0 0 2 -1 -1 -1 0 -1 6 1 2 -1 1 0 4 -1 0 1 -1 -1 -1 -1 1 1 -1 0 -2 -2 0 0 0 -2 1 -1]
 [-3 3 3 1 -1 -2 2 2 2 1 -1 1 2 0 1 8 1 0 -4 -3 0 0 -1 -1 -2 0 -1 -2 -2 0 1 -1 0 -2 -1 -1 0 2 -2 3]
 [3 -1 -1 0 1 0 -2 1 1 0 -1 -2 -1 -2 2 1 6 -2 1 -1 2 -1 1 0 -1 0 0 -2 -1 2 -1 -1 0 0 1 -2 1 1 -1 -1]
 [-2 -1 2 -3 -1 -1 1 0 -4 -1 0 2 1 3 -1 0 -2 8 -2 -2 2 1 -2 -1 -1 -1 0 -1 3 0 1 2 1 2 -1 -1 0 1 0 0]
 [3 -2 -2 1 0 3 -3 -2 0 0 1 -3 -1 -2 1 -4 1 -2 8 4 -1 0 1 2 1 2 1 1 0 1 -2 0 0 -1 -1 0 -1 -1 -2 -2]
 [2 -1 -2 2 0 3 -1 -1 0 -1 0 -1 -1 -1 0 -3 -1 -2 4 6 -2 0 0 3 2 1 -1 1 -1 -1 -1 0 0 -1 0 1 -1 -2 0 -2]
 [3 -1 -1 0 0 -2 0 1 -1 -1 -1 0 0 0 4 0 2 2 -1 -2 8 0 -1 0 -2 -2 -1 -2 3 2 0 0 -2 0 2 -2 2 -1 2 -1]
 [-2 -1 1 -3 0 0 -2 0 -2 1 0 -1 -1 2 -1 0 -1 1 0 0 0 6 2 0 1 0 1 0 2 0 -1 1 -1 0 -1 0 -1 1 -1 1]
 [1 -2 -1 -2 3 0 -2 -1 0 1 -1 -3 -3 -1 0 -1 1 -2 1 0 -1 2 6 -2 1 1 0 0 0 2 -3 1 -1 1 -1 2 1 0 -1 1]
 [1 1 -3 2 -1 2 0 0 1 -2 3 1 1 0 1 -1 0 -1 2 3 0 0 -2 8 0 1 -2 0 1 0 1 -2 1 -1 1 -1 -2 -2 2 -1]
 [0 0 -2 0 0 1 -2 -3 0 -2 0 0 -1 1 -1 -2 -1 -1 1 2 -2 1 1 0 6 1 1 2 0 -1 0 0 2 -1 0 1 -1 0 0 -2]
 [-1 1 -1 0 -1 -1 -2 -3 2 2 2 -1 -1 0 -1 0 0 -1 2 1 -2 0 1 1 1 6 -1 1 0 0 -2 0 2 -2 -2 1 -1 0 0 1]
 [0 -2 2 0 -1 1 -1 -1 -1 0 -1 0 -1 1 -1 -1 0 0 1 -1 -1 1 0 -2 1 -1 6 1 0 0 1 0 0 0 -1 1 0 1 -2 -1]
 [0 -2 -1 0 0 2 0 -1 1 0 -1 0 -1 0 -1 -2 -2 -1 1 1 -2 0 0 0 2 1 1 6 -1 -1 0 0 0 0 -1 2 -1 -2 0 0]
 [0 0 -1 -2 0 -2 -2 -2 -2 0 2 0 0 2 1 -2 -1 3 0 -1 3 2 0 1 0 0 0 -1 6 1 -1 1 0 0 0 0 -1 0 2 -1]
 [2 -2 0 -1 1 0 -2 1 -1 0 0 -1 -1 -1 1 0 2 0 1 -1 2 0 2 0 -1 0 0 -1 1 6 -1 -1 -2 1 0 0 1 1 0 -1]
 [-1 1 2 2 -3 1 2 2 0 -2 0 3 3 1 -1 1 -1 1 -2 -1 0 -1 -3 1 0 -2 1 0 -1 -1 6 -3 0 2 2 -2 -1 1 0 0]
 [-1 0 -1 -3 2 -2 0 -2 -1 1 0 0 -1 1 0 -1 -1 2 0 0 0 1 1 -2 0 0 0 0 1 -1 -3 6 1 0 -2 0 1 -1 0 1]
 [-2 2 -1 -1 -1 0 -1 -2 1 0 3 1 1 1 -2 0 0 1 0 0 -2 -1 -1 1 2 2 0 0 0 -2 0 1 6 0 -1 -1 -2 1 0 0]
 [0 -2 0 -3 1 2 0 3 -1 -1 0 1 2 -1 -2 -2 0 2 -1 -1 0 0 1 -1 -1 -2 0 0 0 1 2 0 0 8 1 -1 0 1 0 1]
 [2 1 -1 1 0 0 1 1 -1 -2 -1 0 1 -2 0 -1 1 -1 -1 0 2 -1 -1 1 0 -2 -1 -1 0 0 2 -2 -1 1 6 -2 2 0 0 -2]
 [0 -1 0 1 1 0 0 -2 0 0 -1 -1 -2 0 0 -1 -2 -1 0 1 -2 0 2 -1 1 1 1 2 0 0 -2 0 -1 -1 -2 6 0 -1 1 0]
 [2 -1 0 0 2 -1 2 0 -2 -1 -3 -1 -2 -2 0 0 1 0 -1 -1 2 -1 1 -2 -1 -1 0 -1 -1 1 -1 1 -2 0 2 0 6 -1 -1 0]
 [-2 1 3 -1 -2 -1 -2 1 -1 1 1 1 2 1 -2 2 1 1 -1 -2 -1 1 0 -2 0 0 1 -2 0 1 1 -1 1 1 0 -1 -1 6 -2 0]
 [0 1 -2 0 0 -2 1 0 1 0 2 1 -1 2 1 -2 -1 0 -2 0 2 -1 -1 2 0 0 -2 0 2 0 0 0 0 0 0 1 -1 -2 8 0]
 [-3 1 1 -1 0 -1 2 1 2 1 0 1 1 1 -1 3 -1 0 -2 -2 -1 1 1 -1 -2 1 -1 0 -1 -1 0 1 0 1 -2 0 0 0 0 6]]
translates t_i (scaled ambient coordinates, t_0 = 0, reduced into the fundamental cell of B_L; A(S) = union_i (t_i + L)):
[[0 0 0 0 0 0 0 0 0 0 0 0 0 0 0 0 0 0 0 0 0 0 0 0 0 0 0 0 0 0 0 0 0 0 0 0 0 0 0 0 0 0 0 0 0 0 0 0]]
translate coordinates c_i in the basis B_L (t_i = c_i B_L), so intrinsically A(S) = union_i (Z^40 + c_i) under the form G_L:
[[0 0 0 0 0 0 0 0 0 0 0 0 0 0 0 0 0 0 0 0 0 0 0 0 0 0 0 0 0 0 0 0 0 0 0 0 0 0 0 0]]
the 1 cosets are pairwise distinct (no c_i - c_j is integral); every pair of centers is at squared distance >= mu - beta = 6 by Theorem 1 (Conway-Sloane, Invent. Math. 123 (1996) 309-313)
lattice points w_i = t_i + u_i as coefficient rows W w.r.t. the P48n basis (w_i in Lambda, pi_U(w_i) = u_i):
[[0 0 0 0 0 0 0 0 0 0 0 0 0 0 0 0 0 0 0 0 0 0 0 0 0 0 0 0 0 0 0 0 0 0 0 0 0 0 0 0 0 0 0 0 0 0 0 0]]
verified: W * G * T^T = the cluster matrix above, i.e. every u_i is the U-projection of a lattice point

